{
  "aabb_scale": 4,
  "frames": [
    {
      "file_path": "../../../../datasets/nuscenes/samples/CAM_FRONT/n008-2018-08-27-11-48-51-0400__CAM_FRONT__1535385092112404.jpg",
      "sharpness": 47.5759969346277,
      "transform_matrix": [
        [
          0.990035466951091,
          0.00024320012886710536,
          -0.14081355340077012,
          -0.5517401979623869
        ],
        [
          -0.14081022628121828,
          -0.005356909969600801,
          -0.9900221078687867,
          -3.6807730859307166
        ],
        [
          -0.0009950990322823074,
          0.9999849881736026,
          -0.005269285797991405,
          -0.012736295875641828
        ],
        [
          0.0,
          0.0,
          0.0,
          1.0
        ]
      ],
      "camera_angle_x": 1.1365860701375323,
      "camera_angle_y": 0.6896795705339694,
      "fl_x": 1252.8131021185304,
      "fl_y": 1252.8131021185304,
      "k1": 0,
      "k2": 0,
      "p1": 0,
      "p2": 0,
      "cx": 826.588114781398,
      "cy": 469.9846626224581,
      "w": 1600,
      "h": 900
    },
    {
      "file_path": "../../../../datasets/nuscenes/samples/CAM_FRONT_LEFT/n008-2018-08-27-11-48-51-0400__CAM_FRONT_LEFT__1535385092104799.jpg",
      "sharpness": 50.80372323938612,
      "transform_matrix": [
        [
          0.6863589430218886,
          0.004557465788468147,
          0.7272478068912832,
          -0.6262349331813224
        ],
        [
          0.727262606942036,
          -0.004139031693208455,
          -0.6863468214680262,
          -3.6988777004301494
        ],
        [
          -0.00011790043632486829,
          0.9999804148618605,
          -0.00615533586845518,
          -0.011716558387307882
        ],
        [
          0.0,
          0.0,
          0.0,
          1.0
        ]
      ],
      "camera_angle_x": 1.1329400554501605,
      "camera_angle_y": 0.687124143408195,
      "fl_x": 1257.8625342125129,
      "fl_y": 1257.8625342125129,
      "k1": 0,
      "k2": 0,
      "p1": 0,
      "p2": 0,
      "cx": 827.2410631095686,
      "cy": 450.915498205774,
      "w": 1600,
      "h": 900
    },
    {
      "file_path": "../../../../datasets/nuscenes/samples/CAM_FRONT_RIGHT/n008-2018-08-27-11-48-51-0400__CAM_FRONT_RIGHT__1535385092120482.jpg",
      "sharpness": 57.28215682194441,
      "transform_matrix": [
        [
          0.40274666054488983,
          -0.009506573894610031,
          -0.9152614349252592,
          -0.48228746201796335
        ],
        [
          -0.9152841901746633,
          -0.011883429163990475,
          -0.4026333638763207,
          -3.702979873146982
        ],
        [
          -0.007048780602340958,
          0.99988356398881,
          -0.013487228200082536,
          -0.008671558711150933
        ],
        [
          0.0,
          0.0,
          0.0,
          1.0
        ]
      ],
      "camera_angle_x": 1.133742659230678,
      "camera_angle_y": 0.6876863655815851,
      "fl_x": 1256.7485116440405,
      "fl_y": 1256.7485116440403,
      "k1": 0,
      "k2": 0,
      "p1": 0,
      "p2": 0,
      "cx": 817.7887570959712,
      "cy": 451.9541780095127,
      "w": 1600,
      "h": 900
    },
    {
      "file_path": "../../../../datasets/nuscenes/samples/CAM_BACK/n008-2018-08-27-11-48-51-0400__CAM_BACK__1535385092137558.jpg",
      "sharpness": 21.665669025414736,
      "transform_matrix": [
        [
          -0.9871317932183683,
          0.0017184723140151687,
          0.1598956267666923,
          -0.5844630781188965
        ],
        [
          0.15990483417577345,
          0.01013211086192029,
          0.9870804297094773,
          -3.889493289384089
        ],
        [
          7.619017342544017e-05,
          0.9999465583134333,
          -0.010276520794623123,
          -0.0015911509691304596
        ],
        [
          0.0,
          0.0,
          0.0,
          1.0
        ]
      ],
      "camera_angle_x": 1.5746900584249708,
      "camera_angle_y": 1.0281098700291098,
      "fl_x": 796.8910634503094,
      "fl_y": 796.8910634503094,
      "k1": 0,
      "k2": 0,
      "p1": 0,
      "p2": 0,
      "cx": 857.7774326863696,
      "cy": 476.8848988407415,
      "w": 1600,
      "h": 900
    },
    {
      "file_path": "../../../../datasets/nuscenes/samples/CAM_BACK_RIGHT/n008-2018-08-27-11-48-51-0400__CAM_BACK_RIGHT__1535385092128113.jpg",
      "sharpness": 54.040060949930066,
      "transform_matrix": [
        [
          -0.5179690103791006,
          -0.021466185194482033,
          -0.8551292586321736,
          -0.49683655820699746
        ],
        [
          -0.8553934462664723,
          0.009319448809694708,
          0.5178949607179029,
          -3.76788427987771
        ],
        [
          -0.0031478957865647044,
          0.9997255038280435,
          -0.023189219808938153,
          -0.0037896546004441913
        ],
        [
          0.0,
          0.0,
          0.0,
          1.0
        ]
      ],
      "camera_angle_x": 1.1386533135619938,
      "camera_angle_y": 0.691130065188959,
      "fl_x": 1249.9629280788233,
      "fl_y": 1249.9629280788233,
      "k1": 0,
      "k2": 0,
      "p1": 0,
      "p2": 0,
      "cx": 825.3768045375984,
      "cy": 462.54816385708756,
      "w": 1600,
      "h": 900
    },
    {
      "file_path": "../../../../datasets/nuscenes/samples/CAM_BACK_LEFT/n008-2018-08-27-11-48-51-0400__CAM_BACK_LEFT__1535385092147405.jpg",
      "sharpness": 29.992309785763393,
      "transform_matrix": [
        [
          -0.17207306423045055,
          0.00955058659054833,
          0.9850372524178149,
          -0.6281578568271265
        ],
        [
          0.9850397439573748,
          0.011162432775871624,
          0.17196538400986455,
          -3.728721119992313
        ],
        [
          -0.009353041821280076,
          0.9998914534782639,
          -0.011328461381807117,
          -0.0036866083785267274
        ],
        [
          0.0,
          0.0,
          0.0,
          1.0
        ]
      ],
      "camera_angle_x": 1.1350145000020537,
      "camera_angle_y": 0.6885776437722699,
      "fl_x": 1254.9860565800168,
      "fl_y": 1254.9860565800168,
      "k1": 0,
      "k2": 0,
      "p1": 0,
      "p2": 0,
      "cx": 829.5769333630991,
      "cy": 467.1680561863987,
      "w": 1600,
      "h": 900
    },
    {
      "file_path": "../../../../datasets/nuscenes/samples/CAM_FRONT/n008-2018-08-27-11-48-51-0400__CAM_FRONT__1535385092662404.jpg",
      "sharpness": 47.80049389749999,
      "transform_matrix": [
        [
          0.9902620886234197,
          0.00038973306106470463,
          -0.1392105805319495,
          -0.4594050176184638
        ],
        [
          -0.13919730817426676,
          -0.011305914454915359,
          -0.9902001192052658,
          -3.087972784293386
        ],
        [
          -0.0019598166382376624,
          0.9999353762787901,
          -0.011141568668915594,
          -0.012011899820621898
        ],
        [
          0.0,
          0.0,
          0.0,
          1.0
        ]
      ],
      "camera_angle_x": 1.1365860701375323,
      "camera_angle_y": 0.6896795705339694,
      "fl_x": 1252.8131021185304,
      "fl_y": 1252.8131021185304,
      "k1": 0,
      "k2": 0,
      "p1": 0,
      "p2": 0,
      "cx": 826.588114781398,
      "cy": 469.9846626224581,
      "w": 1600,
      "h": 900
    },
    {
      "file_path": "../../../../datasets/nuscenes/samples/CAM_FRONT_LEFT/n008-2018-08-27-11-48-51-0400__CAM_FRONT_LEFT__1535385092654799.jpg",
      "sharpness": 48.58261496913577,
      "transform_matrix": [
        [
          0.6851002446130404,
          0.004572054975607745,
          0.7284335885536654,
          -0.5340060655201737
        ],
        [
          0.7284369589442371,
          -0.009920811417758881,
          -0.6850409949219326,
          -3.1067335677659247
        ],
        [
          0.00409460717307433,
          0.9999397012298464,
          -0.010127204151624072,
          -0.011084594081495603
        ],
        [
          0.0,
          0.0,
          0.0,
          1.0
        ]
      ],
      "camera_angle_x": 1.1329400554501605,
      "camera_angle_y": 0.687124143408195,
      "fl_x": 1257.8625342125129,
      "fl_y": 1257.8625342125129,
      "k1": 0,
      "k2": 0,
      "p1": 0,
      "p2": 0,
      "cx": 827.2410631095686,
      "cy": 450.915498205774,
      "w": 1600,
      "h": 900
    },
    {
      "file_path": "../../../../datasets/nuscenes/samples/CAM_FRONT_RIGHT/n008-2018-08-27-11-48-51-0400__CAM_FRONT_RIGHT__1535385092672949.jpg",
      "sharpness": 46.39734905555556,
      "transform_matrix": [
        [
          0.40414747961321307,
          -0.009145351463076544,
          -0.9146474288257872,
          -0.3893304490859226
        ],
        [
          -0.9146038303524191,
          -0.01805534270437018,
          -0.4039478041569945,
          -3.1067352594808666
        ],
        [
          -0.012820028139366906,
          0.9997945287713975,
          -0.015661394725572805,
          -0.008119385044781519
        ],
        [
          0.0,
          0.0,
          0.0,
          1.0
        ]
      ],
      "camera_angle_x": 1.133742659230678,
      "camera_angle_y": 0.6876863655815851,
      "fl_x": 1256.7485116440405,
      "fl_y": 1256.7485116440403,
      "k1": 0,
      "k2": 0,
      "p1": 0,
      "p2": 0,
      "cx": 817.7887570959712,
      "cy": 451.9541780095127,
      "w": 1600,
      "h": 900
    },
    {
      "file_path": "../../../../datasets/nuscenes/samples/CAM_BACK/n008-2018-08-27-11-48-51-0400__CAM_BACK__1535385092687558.jpg",
      "sharpness": 22.117733772955244,
      "transform_matrix": [
        [
          -0.9873386564663132,
          0.0022543522030133096,
          0.1586065482007562,
          -0.4913044133629119
        ],
        [
          0.15861402888491558,
          0.0036618747114016558,
          0.987333870022314,
          -3.294804324505786
        ],
        [
          0.0016450009770752696,
          0.9999901203291687,
          -0.003973082343148995,
          -0.0022590642424734353
        ],
        [
          0.0,
          0.0,
          0.0,
          1.0
        ]
      ],
      "camera_angle_x": 1.5746900584249708,
      "camera_angle_y": 1.0281098700291098,
      "fl_x": 796.8910634503094,
      "fl_y": 796.8910634503094,
      "k1": 0,
      "k2": 0,
      "p1": 0,
      "p2": 0,
      "cx": 857.7774326863696,
      "cy": 476.8848988407415,
      "w": 1600,
      "h": 900
    },
    {
      "file_path": "../../../../datasets/nuscenes/samples/CAM_BACK_RIGHT/n008-2018-08-27-11-48-51-0400__CAM_BACK_RIGHT__1535385092678113.jpg",
      "sharpness": 68.95355743575185,
      "transform_matrix": [
        [
          -0.5167380689367514,
          -0.02106871597131769,
          -0.8558835312748788,
          -0.40405875713971506
        ],
        [
          -0.8561028276146091,
          0.0029832639544943003,
          0.5167969031110728,
          -3.1738669365655943
        ],
        [
          -0.00833492067840607,
          0.9997729449793094,
          -0.01957855337222774,
          -0.003664121116236597
        ],
        [
          0.0,
          0.0,
          0.0,
          1.0
        ]
      ],
      "camera_angle_x": 1.1386533135619938,
      "camera_angle_y": 0.691130065188959,
      "fl_x": 1249.9629280788233,
      "fl_y": 1249.9629280788233,
      "k1": 0,
      "k2": 0,
      "p1": 0,
      "p2": 0,
      "cx": 825.3768045375984,
      "cy": 462.54816385708756,
      "w": 1600,
      "h": 900
    },
    {
      "file_path": "../../../../datasets/nuscenes/samples/CAM_BACK_LEFT/n008-2018-08-27-11-48-51-0400__CAM_BACK_LEFT__1535385092697405.jpg",
      "sharpness": 33.03808794957129,
      "transform_matrix": [
        [
          -0.1732201079636833,
          0.010292663467706053,
          0.9848287145816316,
          -0.5349554657232507
        ],
        [
          0.9848793918408956,
          0.004552133103719086,
          0.17318155788091355,
          -3.1332149915733303
        ],
        [
          -0.002700571899058892,
          0.9999360336380592,
          -0.010925553124188626,
          -0.003324128889838645
        ],
        [
          0.0,
          0.0,
          0.0,
          1.0
        ]
      ],
      "camera_angle_x": 1.1350145000020537,
      "camera_angle_y": 0.6885776437722699,
      "fl_x": 1254.9860565800168,
      "fl_y": 1254.9860565800168,
      "k1": 0,
      "k2": 0,
      "p1": 0,
      "p2": 0,
      "cx": 829.5769333630991,
      "cy": 467.1680561863987,
      "w": 1600,
      "h": 900
    }
  ]
}